LU_pivot(np.array([[1,2,1],[2,1,1],[1,-1,2]]),0)
[array([[1., 0., 0.],
        [0., 1., 0.],
        [0., 0., 1.]]),
 array([[1., 0., 0.],
        [0., 1., 0.],
        [0., 0., 1.]]),
 array([[ 1.,  2.,  1.],
        [ 0., -3., -1.],
        [ 0.,  0.,  2.]]),
 array([[1., 0., 0.],
        [2., 1., 0.],
        [1., 1., 1.]])]

LU_pivot(np.array([[10,-7,0],[-3,6,2],[5,-1,5]]),0)
[array([[1., 0., 0.],
        [0., 1., 0.],
        [0., 0., 1.]]),
 array([[1., 0., 0.],
        [0., 1., 0.],
        [0., 0., 1.]]),
 array([[10.        , -7.        ,  0.        ],
        [ 0.        ,  3.9       ,  2.        ],
        [ 0.        ,  0.        ,  3.71794872]]),
 array([[ 1.        ,  0.        ,  0.        ],
        [-0.3       ,  1.        ,  0.        ],
        [ 0.5       ,  0.64102564,  1.        ]])]